58 -1 -1 -1 -1 -1 -1 -1 -1 -1 -1 -1 -1
43 1 -1 -1 -1 -1 -1 -1 -1 -1 -1 -1 1
50 1 -1 -1 -1 1 -1 1 -1 -1 -1 -1 1
40 1 -1 -1 1 0 1 1 1 -1 -1 1 1
43 -1 -1 -1 -1 -1 -1 -1 -1 -1 1 -1 -1
45 1 -1 -1 -1 1 1 1 -1 -1 -1 0 -1
24 1 -1 -1 1 1 1 1 -1 -1 1 0 1
42 -1 1 -1 -1 -1 -1 -1 -1 -1 -1 0 -1
70 1 -1 -1 -1 -1 1 1 -1 -1 1 -1 1
61 1 1 -1 -1 -1 -1 -1 -1 -1 -1 -1 -1
61 -1 1 -1 -1 -1 1 -1 -1 -1 -1 -1 -1
28 -1 -1 -1 -1 1 0 0 -1 -1 -1 -1 1
45 1 -1 1 -1 0 1 1 -1 -1 1 -1 -1
45 -1 -1 -1 -1 -1 1 -1 -1 -1 1 -1 -1
64 1 1 1 1 1 -1 1 -1 -1 -1 -1 1
40 1 -1 1 -1 -1 -1 -1 -1 -1 -1 -1 -1
51 1 -1 1 1 -1 1 -1 -1 -1 1 -1 -1
27 1 -1 -1 -1 -1 -1 -1 -1 -1 -1 -1 -1
50 1 -1 1 1 1 1 1 -1 1 1 -1 -1
54 1 -1 -1 1 -1 1 -1 1 -1 -1 -1 -1
48 -1 -1 1 -1 1 1 -1 -1 -1 -1 -1 -1
37 1 -1 -1 -1 -1 -1 -1 1 -1 -1 -1 -1
38 1 1 -1 -1 -1 -1 -1 -1 -1 -1 -1 1
28 1 -1 -1 1 -1 -1 -1 -1 -1 1 -1 -1
17 1 -1 -1 -1 -1 -1 -1 -1 -1 -1 0 1
67 1 -1 -1 -1 -1 -1 -1 -1 -1 -1 0 -1
48 1 -1 -1 1 -1 -1 1 -1 -1 -1 0 1
63 1 1 1 1 1 -1 -1 -1 -1 -1 0 -1
30 1 1 1 1 1 -1 -1 1 -1 -1 0 1
66 1 1 1 1 1 1 1 1 -1 -1 -1 -1
36 1 -1 -1 1 -1 -1 -1 -1 -1 1 0 -1
45 1 1 1 1 -1 -1 -1 1 -1 1 -1 -1
40 1 -1 -1 -1 -1 -1 -1 -1 -1 -1 -1 1
25 1 1 1 1 1 -1 -1 -1 -1 -1 -1 -1
38 1 1 1 -1 -1 1 -1 -1 -1 1 -1 -1
53 -1 -1 -1 -1 -1 -1 -1 -1 -1 -1 0 1
22 1 -1 1 1 -1 -1 -1 -1 -1 -1 -1 1
71 -1 -1 -1 -1 -1 -1 -1 -1 -1 -1 -1 -1
29 1 -1 1 0 -1 -1 -1 1 -1 -1 -1 1
55 1 -1 1 1 1 1 1 -1 -1 -1 -1 -1
76 1 -1 1 0 -1 -1 1 -1 -1 -1 -1 -1
54 1 1 1 1 1 -1 1 -1 -1 1 -1 -1
52 1 -1 1 1 1 -1 -1 1 -1 -1 -1 1
42 -1 -1 -1 -1 -1 -1 -1 -1 -1 -1 0 -1
28 1 1 -1 1 -1 1 -1 -1 -1 -1 0 1
43 1 -1 -1 -1 -1 -1 -1 0 0 0 -1 1
55 1 -1 1 1 -1 1 -1 -1 -1 -1 0 -1
34 1 -1 -1 1 -1 -1 -1 -1 -1 -1 0 -1
22 1 -1 1 1 -1 -1 -1 -1 -1 -1 0 1
74 1 1 -1 -1 -1 -1 -1 -1 -1 -1 0 1
23 1 -1 1 1 -1 1 -1 -1 -1 -1 0 1
24 1 -1 -1 1 1 1 1 -1 -1 -1 0 1
29 1 -1 1 1 -1 1 -1 -1 -1 -1 0 -1
58 1 -1 -1 1 1 -1 1 1 1 1 0 1
26 1 -1 -1 -1 -1 -1 -1 -1 -1 -1 0 -1
48 1 -1 -1 -1 -1 -1 -1 -1 -1 -1 0 -1
47 1 -1 -1 -1 -1 -1 -1 -1 -1 -1 0 -1
46 1 -1 1 1 -1 -1 -1 1 -1 -1 0 1
42 1 1 1 1 1 -1 1 -1 -1 -1 -1 1
52 1 -1 -1 -1 -1 -1 -1 1 -1 -1 0 -1
45 1 -1 -1 -1 -1 -1 -1 -1 -1 -1 -1 -1
43 1 -1 -1 -1 -1 -1 -1 -1 -1 -1 -1 -1
67 1 1 1 1 -1 -1 1 -1 -1 -1 0 -1
49 1 -1 -1 -1 -1 -1 -1 1 -1 1 -1 -1
74 1 -1 1 1 1 1 1 -1 -1 -1 0 -1
49 1 1 1 1 1 -1 1 0 0 0 0 1
41 1 1 -1 -1 -1 -1 -1 1 0 0 0 1
48 1 -1 -1 -1 -1 -1 -1 -1 -1 -1 0 -1
27 1 -1 -1 -1 -1 -1 -1 -1 0 -1 0 1
58 1 1 -1 1 -1 -1 -1 -1 -1 -1 0 1
50 1 1 1 1 -1 1 1 1 -1 1 0 1
46 0 0 1 1 0 0 0 0 -1 0 0 -1
43 1 0 0 0 0 0 0 0 -1 0 0 -1
48 1 0 1 0 0 0 0 -1 0 0 -1 -1
27 1 0 0 0 0 0 0 0 -1 0 0 -1
22 1 0 0 0 0 0 0 0 0 0 0 1
56 1 0 1 1 0 0 0 1 -1 0 -1 1
70 1 0 0 0 0 0 0 0 0 0 -1 1
20 1 0 1 1 0 0 0 0 0 0 -1 1
36 1 -1 -1 -1 -1 -1 -1 -1 -1 -1 -1 -1
67 1 -1 -1 -1 1 -1 1 1 -1 -1 -1 1
16 1 -1 -1 1 1 -1 -1 -1 -1 -1 -1 1
39 1 -1 1 1 1 1 1 -1 -1 -1 1 -1
36 1 -1 -1 -1 1 -1 -1 -1 -1 -1 0 1
22 1 -1 -1 -1 -1 -1 -1 -1 -1 -1 0 1
24 1 -1 -1 -1 -1 1 -1 -1 -1 -1 0 1
56 1 1 -1 -1 1 -1 -1 -1 -1 -1 0 -1
31 1 -1 1 1 -1 1 -1 -1 -1 1 1 -1
39 1 -1 1 1 1 1 1 1 -1 -1 -1 1
51 1 1 -1 1 1 1 -1 -1 -1 1 0 -1
